159628,159628,60684
