209372,209364,114104
209372,209364,114104
209372,209364,114104
209372,209364,114104
209372,209364,114104
209372,209364,114104
209372,209364,114104
209372,209364,114104
209372,209364,114104
209372,209364,114104
209372,209364,114104
209372,209364,114104
209372,209364,114104
209372,209364,114104
209372,209364,114104
209372,209364,114104
209372,209364,114104
209372,209364,114104
209372,209364,114104
209372,209364,114104
209372,209364,114104
209372,209364,114104
209372,209364,114104
209372,209364,114104
209372,209364,114104
209372,209364,114104
209372,209364,114104
209372,209364,114104
209372,209364,114104
209372,209364,114104
209372,209364,114104
209372,209364,114104
209372,209364,114104
209372,209364,114104
209372,209364,114104
209372,209364,114104
209372,209364,114104
209372,209364,114104
209372,209364,114104
209372,209364,114104
209372,209364,114104
209372,209364,114104
209372,209364,114104
209372,209364,114104
209372,209364,114104
209372,209364,114104
209372,209364,114104
209372,209364,114104
209372,209364,114104
209372,209364,114104
209372,209364,114104
209372,209364,114104
209372,209364,114104
209372,209364,114104
209372,209364,114104
209372,209364,114104
209372,209364,114104
209372,209364,114104
209372,209364,114104
209372,209364,114104
209372,209364,114104
209372,209364,114104
209372,209364,114104
209372,209364,114104
209372,209364,114104
209372,209364,114104
209372,209364,114104
209372,209364,114104
209372,209364,114104
209372,209364,114104
209372,209364,114104
209372,209364,114104
209372,209364,114104
209372,209364,114104
209372,209364,114104
209372,209364,114104
209372,209364,114104
209372,209364,114104
209372,209364,114104
209372,209364,114104
209372,209364,114104
209372,209364,114104
209372,209364,114104
209372,209364,114104
209372,209364,114104
209372,209364,114104
209372,209364,114104
209372,209364,114104
209372,209364,114104
209372,209364,114104
209372,209364,114104
209372,209364,114104
209372,209364,114104
209372,209364,114104
209372,209364,114104
209372,209364,114104
209372,209364,114104
209372,209364,114104
209372,209300,114104
209372,209300,114104
209372,209300,114104
209372,209300,114104
209372,209300,114104
209372,209300,114104
209372,209300,114104
209372,209300,114104
209372,209300,114104
209372,209300,114104
209372,209300,114104
209372,209300,114104
209372,209300,114104
209372,209300,114104
209372,209300,114104
209372,209300,114104
209372,209300,114104
209372,209300,114104
209372,209300,114104
209372,209300,114104
209372,209300,114104
209372,209300,114104
209372,209300,114104
209372,209300,114104
209372,209300,114104
209372,209300,114104
209372,209300,114104
209372,209300,114104
209372,209300,114104
209372,209300,114104
209372,209300,114104
209372,209300,114104
209372,209300,114104
209372,209300,114104
209372,209300,114104
209372,209300,114104
209372,209300,114104
209372,209300,114104
209372,209300,114104
209372,209300,114104
209372,209300,114104
209372,209300,114104
209372,209300,114104
209372,209300,114104
209372,209300,114104
209372,209300,114104
209372,209300,114104
209372,209300,114104
209372,209300,114104
209372,209300,114104
209372,209300,114104
209372,209300,114104
209372,209300,114104
209372,209300,114104
209372,209300,114104
209372,209300,114104
209372,209300,114104
209372,209300,114104
209372,209300,114104
209372,209300,114104
209372,209300,114104
209372,209300,114104
209372,209300,114104
209372,209300,114104
209372,209300,114104
209372,209300,114104
209372,209300,114104
209372,209300,114104
209372,209300,114104
209372,209300,114104
209372,209300,114104
209372,209300,114104
209372,209300,114104
209372,209300,114104
209372,209300,114104
209372,209300,114104
209372,209300,114104
209372,209300,114104
209372,209300,114104
209372,209300,114104
209372,209300,114104
209372,209300,114104
209372,209300,114104
209372,209300,114104
209372,209300,114104
209372,209300,114104
209372,209300,114104
209372,209300,114104
209372,209300,114104
209372,209300,114104
209372,209300,114104
209372,209300,114104
209372,209300,114104
209372,209300,114104
209372,209300,114104
209372,209300,114104
209372,209300,114104
209372,209300,114104
209372,209300,114104
209372,209300,114104
209372,209300,114104
209372,209300,114104
209372,209300,114104
209372,209300,114104
209372,209300,114104
209372,209300,114104
209372,209300,114104
209372,209300,114104
209372,209300,114104
209372,209300,114104
209372,209300,114104
209372,209300,114104
209372,209300,114104
209372,209300,114104
209372,209300,114104
209372,209300,114104
209372,209300,114104
209372,209300,114104
209372,209300,114104
209372,209300,114104
209372,209300,114104
209372,209300,114104
209372,209300,114104
209372,209300,114104
209372,209300,114104
209372,209300,114104
209372,209300,114104
209372,209300,114104
209372,209300,114104
209372,209300,114104
209372,209300,114104
209372,209300,114104
209372,209300,114104
209372,209300,114104
209372,209300,114104
209372,209300,114104
209372,209300,114104
209372,209300,114104
209372,209300,114104
209372,209300,114104
209372,209300,114104
209372,209300,114104
209372,209300,114104
209372,209300,114104
209372,209300,114104
209372,209300,114104
209372,209300,114104
209372,209300,114104
209372,209300,114104
209372,209300,114104
209372,209300,114104
209372,209300,114104
209372,209300,114104
209372,209300,114104
209372,209300,114104
209372,209300,114104
209372,209300,114104
209372,209300,114104
209372,209300,114104
209372,209300,114104
209372,209300,114104
209372,209236,114104
209372,209236,114104
209372,209236,114104
209372,209236,114104
209372,209236,114104
209372,209236,114104
209372,209236,114104
209372,209236,114104
209372,209236,114104
209372,209236,114104
209372,209236,114104
209372,209236,114104
209372,209236,114104
209372,209236,114104
209372,209236,114104
209372,209236,114104
209372,209236,114104
209372,209236,114104
209372,209236,114104
209372,209236,114104
209372,209236,114104
209372,209236,114104
209372,209236,114104
209372,209236,114104
209372,209236,114104
209372,209236,114104
209372,209236,114104
209372,209236,114104
209372,209236,114104
209372,209236,114104
209372,209236,114104
209372,209236,114104
209372,209236,114104
209372,209236,114104
209372,209236,114104
209372,209236,114104
209372,209236,114104
209372,209236,114104
209372,209236,114104
209372,209236,114104
209372,209236,114104
209372,209236,114104
209372,209236,114104
209372,209236,114104
209372,209236,114104
209372,209236,114104
209372,209236,114104
209372,209236,114104
209372,209236,114104
209372,209236,114104
209372,209236,114104
209372,209236,114104
209372,209236,114104
209372,209236,114104
209372,209236,114104
209372,209236,114104
209372,209236,114104
209372,209236,114104
209372,209236,114104
209372,209236,114104
209372,209236,114104
209372,209236,114104
209372,209236,114104
209372,209236,114104
209372,209236,114104
209372,209236,114104
209372,209236,114104
209372,209236,114104
209372,209236,114104
209372,209236,114104
209372,209244,114104
209372,209236,114104
209372,209236,114104
209372,209236,114104
209372,209236,114104
209372,209236,114104
209372,209236,114104
209372,209236,114104
209372,209236,114104
209372,209236,114104
209372,209236,114104
209372,209236,114104
209372,209236,114104
209372,209236,114104
209372,209236,114104
209372,209236,114104
209372,209236,114104
209372,209236,114104
209372,209236,114104
209372,209236,114104
209372,209236,114104
209372,209236,114104
209372,209236,114104
209372,209236,114104
209372,209236,114104
209372,209236,114104
209372,209236,114104
209372,209236,114104
209372,209236,114104
209372,209236,114104
209372,209236,114104
209372,209236,114104
209372,209236,114104
209372,209236,114104
209372,209236,114104
209372,209236,114104
209372,209236,114104
209372,209236,114104
209372,209236,114104
209372,209236,114104
209372,209236,114104
209372,209236,114104
209372,209236,114104
209372,209236,114104
209372,209236,114104
209372,209236,114104
209372,209236,114104
209372,209236,114104
209372,209236,114104
209372,209236,114104
209372,209236,114104
209372,209236,114104
209372,209236,114104
209372,209236,114104
209372,209236,114104
209372,209236,114104
209372,209236,114104
209372,209236,114104
209372,209236,114104
209372,209236,114104
209372,209236,114104
209372,209236,114104
209372,209236,114104
209372,209236,114104
209372,209236,114104
209372,209236,114104
209372,209236,114104
209372,209236,114104
209372,209236,114104
209372,209236,114104
209372,209236,114104
209372,209236,114104
209372,209236,114104
209372,209236,114104
209372,209236,114104
209372,209236,114104
209372,209236,114104
209372,209236,114104
209372,209236,114104
209372,209236,114104
209372,209236,114104
209372,209236,114104
209372,209236,114104
209372,209236,114104
209372,209236,114104
209372,209236,114104
209372,209236,114104
209372,209236,114104
209372,209236,114104
209372,209236,114104
209372,209236,114104
209372,209236,114104
209372,209236,114104
209372,209236,114104
209372,209236,114104
209372,209236,114104
209372,209236,114104
209372,209236,114104
209372,209236,114104
209372,209236,114104
209372,209236,114104
209372,209236,114104
209372,209236,114104
209372,209236,114104
209372,209236,114104
209372,209236,114104
209372,209236,114104
209372,209236,114104
209372,209236,114104
209372,209236,114104
209372,209236,114104
209372,209236,114104
209372,209236,114104
209372,209236,114104
209372,209244,114104
209372,209244,114104
209372,209236,114104
209372,209236,114104
209372,209236,114104
209372,209236,114104
209372,209236,114104
209372,209236,114104
209372,209236,114104
209372,209236,114104
209372,209236,114104
209372,209236,114104
209372,209236,114104
209372,209236,114104
209372,209236,114104
209372,209236,114104
209372,209236,114104
209372,209236,114104
209372,209236,114104
209372,209236,114104
209372,209236,114104
209372,209236,114104
209372,209236,114104
209372,209236,114104
209372,209236,114104
209372,209236,114104
209372,209236,114104
209372,209236,114104
209372,209236,114104
209372,209236,114104
209372,209236,114104
209372,209236,114104
209372,209236,114104
209372,209236,114104
209372,209236,114104
209372,209236,114104
209372,209236,114104
209372,209236,114104
209372,209236,114104
209372,209236,114104
209372,209236,114104
209372,209236,114104
209372,209236,114104
209372,209236,114104
209372,209236,114104
209372,209236,114104
209372,209236,114104
209372,209236,114104
209372,209236,114104
209372,209236,114104
209372,209236,114104
209372,209236,114104
209372,209236,114104
209372,209236,114104
209372,209236,114104
209372,209236,114104
209372,209236,114104
209372,209236,114104
209372,209236,114104
209372,209236,114104
209372,209236,114104
209372,209236,114104
209372,209236,114104
209372,209236,114104
209372,209236,114104
209372,209236,114104
209372,209236,114104
209372,209236,114104
209372,209236,114104
209372,209236,114104
209372,209236,114104
209372,209236,114104
209372,209236,114104
209372,209236,114104
209372,209236,114104
209372,209236,114104
209372,209236,114104
209372,209236,114104
209372,209236,114104
209372,209236,114104
209372,209236,114104
209372,209236,114104
209372,209236,114104
209372,209236,114104
209372,209236,114104
209372,209236,114104
209372,209236,114104
209372,209236,114104
209372,209236,114104
209372,209236,114104
209372,209236,114104
209372,209236,114104
209372,209236,114104
209372,209236,114104
209372,209236,114104
209372,209236,114104
209372,209236,114104
209372,209236,114104
209372,209236,114104
209372,209236,114104
209372,209236,114104
209372,209236,114104
209372,209236,114104
209372,209236,114104
209372,209236,114104
209372,209236,114104
209372,209236,114104
209372,209236,114104
209372,209236,114104
209372,209236,114104
209372,209236,114104
209372,209236,114104
209372,209236,114104
209372,209236,114104
209372,209236,114104
209372,209236,114104
209372,209236,114104
209372,209236,114104
209372,209236,114104
209372,209236,114104
209372,209236,114104
209372,209236,114104
209372,209236,114104
209372,209236,114104
209372,209236,114104
209372,209236,114104
209372,209236,114104
209372,209236,114104
209372,209236,114104
209372,209236,114104
209372,209236,114104
209372,209236,114104
209372,209236,114104
209372,209236,114104
209372,209236,114104
209372,209236,114104
209372,209236,114104
209372,209236,114104
209372,209236,114104
209372,209236,114104
209372,209236,114104
209372,209236,114104
209372,209236,114104
209372,209236,114104
209372,209236,114104
209372,209236,114104
209372,209236,114104
209372,209236,114104
209372,209236,114104
209372,209236,114104
209372,209236,114104
209372,209236,114104
209372,209236,114104
209372,209236,114104
209372,209236,114104
209372,209236,114104
209372,209236,114104
209372,209236,114104
209372,209236,114104
209372,209236,114104
209372,209236,114104
209372,209236,114104
209372,209236,114104
209372,209236,114104
209372,209236,114104
209372,209236,114104
209372,209236,114104
209372,209236,114104
209372,209236,114104
209372,209236,114104
209372,209236,114104
209372,209236,114104
209372,209236,114104
209372,209236,114104
209372,209236,114104
209372,209236,114104
209372,209236,114104
209372,209236,114104
209372,209236,114104
209372,209236,114104
209372,209236,114104
209372,209236,114104
209372,209236,114104
209372,209236,114104
209372,209236,114104
209372,209236,114104
209372,209236,114104
209372,209236,114104
209372,209236,114104
209372,209236,114104
209372,209236,114104
209372,209236,114104
209372,209236,114104
209372,209236,114104
209372,209236,114104
209372,209236,114104
209372,209236,114104
209372,209236,114104
209372,209236,114104
209372,209244,114104
209372,209236,114104
209372,209236,114104
209372,209236,114104
209372,209236,114104
209372,209236,114104
209372,209236,114104
209372,209236,114104
209372,209236,114104
209372,209236,114104
209372,209236,114104
209372,209236,114104
209372,209236,114104
209372,209236,114104
209372,209236,114104
209372,209236,114104
209372,209236,114104
209372,209236,114104
209372,209236,114104
209372,209236,114104
209372,209236,114104
209372,209236,114104
209372,209236,114104
209372,209236,114104
209372,209236,114104
209372,209236,114104
209372,209236,114104
209372,209236,114104
209372,209236,114104
209372,209236,114104
209372,209236,114104
209372,209236,114104
209372,209236,114104
209372,209236,114104
209372,209236,114104
209372,209236,114104
209372,209236,114104
209372,209236,114104
209372,209236,114104
209372,209236,114104
209372,209244,114104
209372,209236,114104
209372,209244,114104
209372,209236,114104
209372,209236,114104
209372,209236,114104
209372,209236,114104
209372,209236,114104
209372,209236,114104
209372,209236,114104
209372,209236,114104
209372,209236,114104
209372,209236,114104
209372,209236,114104
209372,209236,114104
209372,209236,114104
209372,209236,114104
209372,209236,114104
209372,209236,114104
209372,209236,114104
209372,209236,114104
209372,209236,114104
209372,209236,114104
209372,209236,114104
209372,209236,114104
209372,209236,114104
209372,209236,114104
209372,209244,114104
209372,209236,114104
209372,209236,114104
209372,209236,114104
209372,209236,114104
209372,209236,114104
209372,209236,114104
209372,209236,114104
209372,209236,114104
209372,209236,114104
209372,209236,114104
209372,209236,114104
209372,209236,114104
209372,209236,114104
209372,209244,114104
209372,209236,114104
209372,209244,114104
209372,209236,114104
209372,209236,114104
209372,209236,114104
209372,209236,114104
209372,209236,114104
209372,209236,114104
209372,209236,114104
209372,209236,114104
209372,209236,114104
209372,209236,114104
209372,209236,114104
209372,209244,114104
209372,209244,114104
209372,209236,114104
209372,209236,114104
209372,209236,114104
209372,209236,114104
209372,209236,114104
209372,209236,114104
209372,209236,114104
209372,209236,114104
209372,209236,114104
209372,209244,114104
209372,209236,114104
209372,209236,114104
209372,209236,114104
209372,209236,114104
209372,209236,114104
209372,209236,114104
209372,209236,114104
209372,209236,114104
209372,209236,114104
209372,209236,114104
209372,209236,114104
209372,209244,114104
209372,209236,114104
209372,209236,114104
209372,209236,114104
209372,209236,114104
209372,209244,114104
209372,209236,114104
209372,209244,114104
209372,209236,114104
209372,209236,114104
209372,209236,114104
209372,209244,114104
209372,209236,114104
209372,209236,114104
209372,209236,114104
209372,209236,114104
209372,209236,114104
209372,209236,114104
209372,209244,114104
209372,209244,114104
209372,209236,114104
209372,209236,114104
209372,209236,114104
209372,209236,114104
209372,209236,114104
209372,209236,114104
209372,209236,114104
209372,209236,114104
209372,209236,114104
209372,209236,114104
209372,209236,114104
209372,209236,114104
209372,209236,114104
209372,209236,114104
209372,209236,114104
209372,209236,114104
209372,209236,114104
209372,209236,114104
209372,209236,114104
209372,209236,114104
209372,209236,114104
209372,209236,114104
209372,209236,114104
209372,209236,114104
209372,209236,114104
209372,209236,114104
209372,209236,114104
209372,209236,114104
209372,209236,114104
209372,209244,114104
209372,209244,114104
209372,209236,114104
209372,209236,114104
209372,209244,114104
209372,209244,114104
209372,209244,114104
209372,209244,114104
209372,209236,114104
209372,209244,114104
209372,209244,114104
209372,209236,114104
209372,209236,114104
209372,209236,114104
209372,209236,114104
209372,209244,114104
209372,209244,114104
209372,209244,114104
209372,209244,114104
209372,209236,114104
209372,209236,114104
209372,209244,114104
209372,209244,114104
209372,209236,114104
209372,209236,114104
209372,209236,114104
209372,209236,114104
209372,209244,114104
209372,209236,114104
209372,209236,114104
209372,209236,114104
209372,209244,114104
209372,209244,114104
209372,209244,114104
209372,209236,114104
209372,209244,114104
209372,209244,114104
209372,209236,114104
209372,209244,114104
209372,209244,114104
209372,209236,114104
209372,209236,114104
209372,209244,114104
209372,209244,114104
209372,209244,114104
209372,209244,114104
209372,209236,114104
209372,209236,114104
209372,209244,114104
209372,209244,114104
209372,209244,114104
209372,209236,114104
209372,209236,114104
209372,209244,114104
209372,209244,114104
209372,209244,114104
209372,209236,114104
209372,209236,114104
209372,209236,114104
209372,209236,114104
209372,209236,114104
209372,209236,114104
209372,209236,114104
209372,209236,114104
209372,209236,114104
209372,209236,114104
209372,209244,114104
209372,209244,114104
209372,209236,114104
209372,209236,114104
209372,209236,114104
209372,209236,114104
209372,209244,114104
209372,209244,114104
209372,209244,114104
209372,209244,114104
209372,209244,114104
209372,209236,114104
209372,209244,114104
209372,209244,114104
209372,209244,114104
209372,209244,114104
209372,209244,114104
209372,209244,114104
209372,209244,114104
209372,209236,114104
209372,209236,114104
209372,209236,114104
209372,209236,114104
209372,209236,114104
209372,209236,114104
209372,209236,114104
209372,209236,114104
209372,209236,114104
209372,209236,114104
209372,209236,114104
209372,209236,114104
209372,209236,114104
209372,209236,114104
209372,209244,114104
209372,209244,114104
209372,209244,114104
209372,209244,114104
209372,209236,114104
209372,209236,114104
209372,209236,114104
209372,209244,114104
209372,209244,114104
209372,209244,114104
209372,209244,114104
209372,209236,114104
209372,209244,114104
209372,209244,114104
209372,209244,114104
209372,209244,114104
209372,209244,114104
209372,209244,114104
209372,209244,114104
209372,209244,114104
209372,209236,114104
209372,209236,114104
209372,209236,114104
209372,209236,114104
209372,209236,114104
209372,209236,114104
209372,209236,114104
209372,209236,114104
209372,209236,114104
209372,209236,114104
209372,209236,114104
209372,209236,114104
209372,209236,114104
209372,209244,114104
209372,209244,114104
209372,209244,114104
209372,209244,114104
209372,209236,114104
209372,209244,114104
209372,209244,114104
209372,209244,114104
209372,209244,114104
209372,209244,114104
209372,209244,114104
209372,209244,114104
209372,209244,114104
209372,209244,114104
209372,209244,114104
209372,209244,114104
209372,209244,114104
209372,209244,114104
209372,209244,114104
209372,209244,114104
209372,209244,114104
209372,209244,114104
209372,209244,114104
209372,209244,114104
209372,209244,114104
209372,209236,114104
209372,209236,114104
209372,209236,114104
209372,209236,114104
209372,209236,114104
209372,209236,114104
209372,209236,114104
209372,209236,114104
209372,209236,114104
209372,209236,114104
209372,209236,114104
209372,209236,114104
209372,209244,114104
209372,209244,114104
209372,209236,114104
209372,209236,114104
209372,209244,114104
209372,209244,114104
209372,209244,114104
209372,209244,114104
209372,209244,114104
209372,209244,114104
209372,209244,114104
209372,209244,114104
209372,209244,114104
209372,209244,114104
209372,209244,114104
209372,209244,114104
209372,209244,114104
209372,209244,114104
209372,209244,114104
209372,209244,114104
209372,209244,114104
209372,209244,114104
209372,209244,114104
209372,209244,114104
209372,209244,114104
209372,209244,114104
209372,209236,114104
209372,209236,114104
209372,209236,114104
209372,209236,114104
209372,209236,114104
209372,209244,114104
209372,209236,114104
209372,209244,114104
209372,209244,114104
209372,209236,114104
209372,209244,114104
209372,209244,114104
209372,209244,114104
209372,209244,114104
209372,209244,114104
209372,209244,114104
209372,209244,114104
209372,209244,114104
209372,209244,114104
209372,209244,114104
209372,209244,114104
209372,209244,114104
209372,209244,114104
209372,209244,114104
209372,209244,114104
209372,209244,114104
209372,209244,114104
209372,209244,114104
209372,209244,114104
209372,209244,114104
209372,209244,114104
209372,209244,114104
209372,209236,114104
209372,209236,114104
209372,209236,114104
209372,209236,114104
209372,209244,114104
209372,209244,114104
209372,209244,114104
209372,209244,114104
209372,209244,114104
209372,209244,114104
209372,209244,114104
209372,209244,114104
209372,209244,114104
209372,209244,114104
209372,209244,114104
209372,209244,114104
209372,209244,114104
209372,209244,114104
209372,209244,114104
209372,209244,114104
209372,209244,114104
209372,209244,114104
209372,209244,114104
209372,209244,114104
209372,209244,114104
209372,209244,114104
209372,209244,114104
209372,209244,114104
209372,209244,114104
209372,209244,114104
209372,209244,114104
209372,209244,114104
209372,209244,114104
209372,209236,114104
209372,209236,114104
209372,209236,114104
209372,209236,114104
209372,209236,114104
209372,209236,114104
209372,209236,114104
209372,209236,114104
209372,209236,114104
209372,209244,114104
209372,209244,114104
209372,209244,114104
209372,209244,114104
209372,209244,114104
209372,209244,114104
209372,209244,114104
209372,209244,114104
209372,209244,114104
209372,209244,114104
209372,209244,114104
209372,209244,114104
209372,209244,114104
209372,209244,114104
209372,209244,114104
209372,209244,114104
209372,209244,114104
209372,209244,114104
209372,209244,114104
209372,209244,114104
209372,209244,114104
209372,209244,114104
209372,209244,114104
209372,209244,114104
209372,209244,114104
209372,209236,114104
209372,209236,114104
209372,209236,114104
209372,209236,114104
209372,209236,114104
209372,209236,114104
209372,209236,114104
209372,209236,114104
209372,209236,114104
209372,209236,114104
209372,209244,114104
209372,209244,114104
209372,209244,114104
209372,209244,114104
209372,209244,114104
209372,209244,114104
209372,209244,114104
209372,209244,114104
209372,209244,114104
209372,209244,114104
209372,209244,114104
209372,209244,114104
209372,209244,114104
209372,209244,114104
209372,209244,114104
209372,209244,114104
209372,209244,114104
209372,209244,114104
209372,209244,114104
209372,209244,114104
209372,209244,114104
209372,209244,114104
209372,209244,114104
209372,209244,114104
209372,209244,114104
209372,209244,114104
209372,209236,114104
209372,209236,114104
209372,209236,114104
209372,209236,114104
209372,209236,114104
209372,209236,114104
209372,209236,114104
209372,209236,114104
209372,209236,114104
209372,209244,114104
209372,209244,114104
209372,209244,114104
209372,209244,114104
209372,209244,114104
209372,209244,114104
209372,209244,114104
209372,209244,114104
209372,209244,114104
209372,209244,114104
209372,209244,114104
209372,209244,114104
209372,209244,114104
209372,209244,114104
209372,209244,114104
209372,209244,114104
209372,209244,114104
209372,209244,114104
209372,209244,114104
209372,209244,114104
209372,209244,114104
209372,209244,114104
209372,209244,114104
209372,209244,114104
209372,209244,114104
209372,209244,114104
209372,209244,114104
209372,209236,114104
209372,209236,114104
209372,209236,114104
209372,209236,114104
209372,209236,114104
209372,209236,114104
209372,209236,114104
209372,209244,114104
209372,209236,114104
209372,209244,114104
209372,209244,114104
209372,209244,114104
209372,209244,114104
209372,209244,114104
209372,209244,114104
209372,209244,114104
209372,209244,114104
209372,209244,114104
209372,209244,114104
209372,209244,114104
209372,209244,114104
209372,209244,114104
209372,209244,114104
209372,209244,114104
209372,209244,114104
209372,209244,114104
209372,209244,114104
209372,209244,114104
209372,209244,114104
209372,209244,114104
209372,209244,114104
209372,209244,114104
209372,209244,114104
209372,209244,114104
209372,209244,114104
209372,209236,114104
209372,209236,114104
209372,209236,114104
209372,209236,114104
209372,209236,114104
209372,209244,114104
209372,209244,114104
209372,209244,114104
209372,209244,114104
209372,209244,114104
209372,209244,114104
209372,209244,114104
209372,209244,114104
209372,209244,114104
209372,209244,114104
209372,209244,114104
209372,209244,114104
209372,209244,114104
209372,209244,114104
209372,209244,114104
209372,209244,114104
209372,209244,114104
209372,209244,114104
209372,209244,114104
209372,209244,114104
209372,209244,114104
209372,209244,114104
209372,209244,114104
209372,209244,114104
209372,209244,114104
209372,209244,114104
209372,209244,114104
209372,209244,114104
209372,209244,114104
209372,209236,114104
209372,209236,114104
209372,209236,114104
209372,209236,114104
209372,209236,114104
209372,209244,114104
209372,209244,114104
209372,209236,114104
209372,209244,114104
209372,209244,114104
209372,209244,114104
209372,209244,114104
209372,209244,114104
209372,209244,114104
209372,209244,114104
209372,209244,114104
209372,209244,114104
209372,209244,114104
209372,209244,114104
209372,209244,114104
209372,209244,114104
209372,209244,114104
209372,209244,114104
209372,209244,114104
209372,209244,114104
209372,209244,114104
209372,209244,114104
209372,209244,114104
209372,209244,114104
209372,209244,114104
209372,209244,114104
209372,209244,114104
209372,209244,114104
209372,209244,114104
209372,209244,114104
209372,209244,114104
209372,209244,114104
209372,209244,114104
209372,209244,114104
209372,209244,114104
209372,209236,114104
209372,209244,114104
209372,209236,114104
209372,209236,114104
209372,209244,114104
209372,209244,114104
209372,209244,114104
209372,209244,114104
209372,209244,114104
209372,209244,114104
209372,209244,114104
209372,209244,114104
209372,209244,114104
209372,209244,114104
209372,209244,114104
209372,209244,114104
209372,209244,114104
209372,209244,114104
209372,209244,114104
209372,209244,114104
209372,209244,114104
209372,209244,114104
209372,209244,114104
209372,209244,114104
209372,209244,114104
209372,209244,114104
209372,209244,114104
209372,209244,114104
209372,209244,114104
209372,209244,114104
209372,209244,114104
209372,209244,114104
209372,209236,114104
209372,209236,114104
209372,209236,114104
209372,209236,114104
209372,209236,114104
209372,209244,114104
209372,209244,114104
209372,209244,114104
209372,209244,114104
209372,209244,114104
209372,209244,114104
209372,209244,114104
209372,209244,114104
209372,209244,114104
209372,209244,114104
209372,209244,114104
209372,209244,114104
209372,209244,114104
209372,209244,114104
209372,209244,114104
209372,209244,114104
209372,209244,114104
209372,209244,114104
209372,209244,114104
209372,209244,114104
209372,209244,114104
209372,209244,114104
209372,209244,114104
209372,209244,114104
209372,209244,114104
209372,209244,114104
209372,209244,114104
209372,209244,114104
209372,209244,114104
209372,209244,114104
209372,209244,114104
209372,209244,114104
209372,209236,114104
209372,209244,114104
209372,209236,114104
209372,209244,114104
209372,209244,114104
209372,209244,114104
209372,209244,114104
209372,209244,114104
209372,209244,114104
209372,209244,114104
209372,209244,114104
209372,209244,114104
209372,209244,114104
209372,209244,114104
209372,209244,114104
209372,209244,114104
209372,209244,114104
209372,209244,114104
209372,209244,114104
209372,209244,114104
209372,209244,114104
209372,209244,114104
209372,209244,114104
209372,209244,114104
209372,209244,114104
209372,209244,114104
209372,209244,114104
209372,209244,114104
209372,209244,114104
209372,209244,114104
209372,209244,114104
209372,209244,114104
209372,209244,114104
209372,209244,114104
209372,209236,114104
209372,209236,114104
209372,209236,114104
209372,209236,114104
209372,209244,114104
209372,209244,114104
209372,209244,114104
209372,209244,114104
209372,209244,114104
209372,209244,114104
209372,209244,114104
209372,209244,114104
209372,209244,114104
209372,209244,114104
209372,209244,114104
209372,209244,114104
209372,209244,114104
209372,209244,114104
209372,209244,114104
209372,209244,114104
209372,209244,114104
209372,209244,114104
209372,209244,114104
209372,209244,114104
209372,209244,114104
209372,209244,114104
209372,209244,114104
209372,209244,114104
209372,209244,114104
209372,209244,114104
209372,209244,114104
209372,209244,114104
209372,209244,114104
209372,209244,114104
209372,209244,114104
209372,209244,114104
209372,209244,114104
209372,209244,114104
209372,209236,114104
209372,209236,114104
209372,209236,114104
209372,209244,114104
209372,209244,114104
209372,209244,114104
209372,209244,114104
209372,209244,114104
209372,209244,114104
209372,209244,114104
209372,209244,114104
209372,209244,114104
209372,209244,114104
209372,209244,114104
209372,209244,114104
209372,209244,114104
209372,209244,114104
209372,209244,114104
209372,209244,114104
209372,209244,114104
209372,209244,114104
209372,209244,114104
209372,209244,114104
209372,209244,114104
209372,209244,114104
209372,209244,114104
209372,209244,114104
209372,209244,114104
209372,209244,114104
209372,209244,114104
209372,209244,114104
209372,209244,114104
209372,209244,114104
209372,209244,114104
209372,209236,114104
209372,209244,114104
209372,209244,114104
209372,209236,114104
209372,209244,114104
209372,209244,114104
209372,209244,114104
209372,209244,114104
209372,209244,114104
209372,209244,114104
209372,209244,114104
209372,209244,114104
209372,209244,114104
209372,209244,114104
209372,209244,114104
209372,209244,114104
209372,209244,114104
209372,209244,114104
209372,209244,114104
209372,209244,114104
209372,209244,114104
209372,209244,114104
209372,209244,114104
209372,209244,114104
209372,209244,114104
209372,209244,114104
209372,209244,114104
209372,209244,114104
209372,209244,114104
209372,209244,114104
209372,209244,114104
209372,209244,114104
209372,209244,114104
209372,209244,114104
209372,209244,114104
209372,209244,114104
209372,209244,114104
209372,209244,114104
209372,209244,114104
209372,209244,114104
209372,209244,114104
209372,209244,114104
209372,209244,114104
209372,209244,114104
209372,209244,114104
209372,209244,114104
209372,209244,114104
209372,209244,114104
209372,209244,114104
209372,209244,114104
209372,209244,114104
209372,209244,114104
209372,209244,114104
209372,209244,114104
209372,209244,114104
209372,209244,114104
209372,209244,114104
209372,209244,114104
209372,209244,114104
209372,209244,114104
209372,209244,114104
209372,209244,114104
209372,209244,114104
209372,209244,114104
209372,209244,114104
209372,209244,114104
209372,209244,114104
209372,209244,114104
209372,209236,114104
209372,209236,114104
209372,209236,114104
209372,209244,114104
209372,209244,114104
209372,209244,114104
209372,209244,114104
209372,209244,114104
209372,209244,114104
209372,209244,114104
209372,209244,114104
209372,209244,114104
209372,209244,114104
209372,209244,114104
209372,209244,114104
209372,209244,114104
209372,209244,114104
209372,209244,114104
209372,209244,114104
209372,209244,114104
209372,209244,114104
209372,209244,114104
209372,209244,114104
209372,209244,114104
209372,209244,114104
209372,209244,114104
209372,209244,114104
209372,209244,114104
209372,209244,114104
209372,209244,114104
209372,209244,114104
209372,209244,114104
209372,209244,114104
209372,209236,114104
209372,209236,114104
209372,209236,114104
209372,209236,114104
209372,209236,114104
