24004,23936,2628
24004,23936,2628
24004,23936,2628
24004,23936,2628
24004,23936,2628
24004,23936,2628
24004,23936,2628
24004,23936,2628
24004,23936,2628
24004,23936,2628
24004,23936,2628
24004,23936,2628
24004,23936,2628
24004,23936,2628
24004,23936,2628
24004,23936,2628
24004,23936,2628
24004,23936,2628
24004,23936,2628
24004,23936,2628
24004,23936,2628
24004,23936,2628
24004,23936,2628
24004,23936,2628
24004,23936,2628
24004,23936,2628
24004,23936,2628
24004,23936,2628
24004,23936,2628
24004,23936,2628
24004,23936,2628
24004,23936,2628
24004,23936,2628
24004,23936,2628
24004,23936,2628
24004,23936,2628
24004,23936,2628
24004,23936,2628
24004,23936,2628
24004,23936,2628
24004,23936,2628
