122448,122448,2644
122448,122448,2660
122448,122448,2676
122448,122448,2676
122448,122448,2676
122448,122448,2676
122448,122448,2676
122448,122448,2676
